{
  "camera_angle_x": 0.2633031242076986,
  "camera_angle_y": 0.46239873986422275,
  "fl_x": 2718.6744390044205,
  "fl_y": 2718.6744390044205,
  "k1": 0.13851475357096796,
  "k2": 0,
  "k3": 0,
  "k4": 0,
  "p1": 0,
  "p2": 0,
  "is_fisheye": false,
  "cx": 360.0,
  "cy": 640.0,
  "w": 720.0,
  "h": 1280.0,
  "aabb_scale": 32,
  "frames": [
    {
      "file_path": "images/frame_0066",
      "sharpness": 12.620177060233223,
      "transform_matrix": [
        [
          0.3936163050267715,
          -0.0889609755670701,
          0.9149601899879628,
          3.761612332001494
        ],
        [
          0.9147493419817267,
          0.1365424116150602,
          -0.38024966952567135,
          -1.6174047785662935
        ],
        [
          -0.09110348931267039,
          0.9866317016373106,
          0.1351223134013943,
          0.4767253951838977
        ],
        [
          0.0,
          0.0,
          0.0,
          1.0
        ]
      ]
    },
    {
      "file_path": "images/frame_0070",
      "sharpness": 16.639323927560266,
      "transform_matrix": [
        [
          0.06361632289346611,
          -0.11133030371148725,
          0.9917451925553279,
          3.9335059793002345
        ],
        [
          0.9962672577243604,
          0.06518636486534742,
          -0.05658877116588572,
          -0.14046328187555943
        ],
        [
          -0.05834821889480793,
          0.9916432328870479,
          0.11506165321578879,
          0.3967654432071931
        ],
        [
          0.0,
          0.0,
          0.0,
          1.0
        ]
      ]
    },
    {
      "file_path": "images/frame_0057",
      "sharpness": 14.902724511039404,
      "transform_matrix": [
        [
          0.9432433363910413,
          0.055528543454504635,
          0.32742722738846913,
          1.5050523605984942
        ],
        [
          0.30469984167346814,
          0.2474649394857821,
          -0.9197386097199042,
          -3.7992140129073917
        ],
        [
          -0.13209850436830234,
          0.9673043391847097,
          0.21650011676143044,
          0.8289092881935816
        ],
        [
          0.0,
          0.0,
          0.0,
          1.0
        ]
      ]
    },
    {
      "file_path": "images/frame_0060",
      "sharpness": 14.476979113750692,
      "transform_matrix": [
        [
          0.8040273295205809,
          0.009442728981013795,
          0.5945173574194252,
          2.5645233865728225
        ],
        [
          0.5807119614427283,
          0.2023132319877539,
          -0.7885702086688597,
          -3.432264020177345
        ],
        [
          -0.12772498281530414,
          0.9792753397542925,
          0.15718186197385492,
          0.705289828217517
        ],
        [
          0.0,
          0.0,
          0.0,
          1.0
        ]
      ]
    },
    {
      "file_path": "images/frame_0061",
      "sharpness": 11.967558588621351,
      "transform_matrix": [
        [
          0.7725915373155192,
          -0.0021095501136077226,
          0.6348998868218071,
          2.8185382954989415
        ],
        [
          0.6226513042232272,
          0.1980227555172784,
          -0.7570286267021208,
          -3.1862810888834363
        ],
        [
          -0.12412763524059868,
          0.9801951530764254,
          0.15430421923811144,
          0.6590723051009011
        ],
        [
          0.0,
          0.0,
          0.0,
          1.0
        ]
      ]
    },
    {
      "file_path": "images/frame_0059",
      "sharpness": 17.64578327425733,
      "transform_matrix": [
        [
          0.8594038851548038,
          0.01986005020920588,
          0.5109114802058171,
          2.2198762077810033
        ],
        [
          0.4939154852283143,
          0.2260838893715899,
          -0.8396032208241783,
          -3.547363802855264
        ],
        [
          -0.13218341669090633,
          0.9739053616193579,
          0.1844881865611146,
          0.7434224369984432
        ],
        [
          0.0,
          0.0,
          0.0,
          1.0
        ]
      ]
    },
    {
      "file_path": "images/frame_0065",
      "sharpness": 12.667898053146882,
      "transform_matrix": [
        [
          0.4602751089511954,
          -0.08256296139481657,
          0.8839288328283367,
          3.6367562962382953
        ],
        [
          0.8821430122257141,
          0.15452127677200464,
          -0.4449122171913621,
          -1.8978825560306563
        ],
        [
          -0.09985254161216978,
          0.9845336624258207,
          0.14395463696461105,
          0.5030898195127689
        ],
        [
          0.0,
          0.0,
          0.0,
          1.0
        ]
      ]
    },
    {
      "file_path": "images/frame_0005",
      "sharpness": 18.94632917644242,
      "transform_matrix": [
        [
          -0.2278864540925368,
          -0.1111532251427696,
          0.9673224512028412,
          3.658391987435193
        ],
        [
          0.9734253858170673,
          -0.0029483194378750535,
          0.2289854267402769,
          0.9573409652202877
        ],
        [
          -0.02260049310730089,
          0.9937989072103453,
          0.10887125313164121,
          0.3844494898912469
        ],
        [
          0.0,
          0.0,
          0.0,
          1.0
        ]
      ]
    },
    {
      "file_path": "images/frame_0072",
      "sharpness": 15.31439665239122,
      "transform_matrix": [
        [
          -0.02969806549503837,
          -0.1073109712210087,
          0.9937818575427098,
          3.9492667968702957
        ],
        [
          0.9984537971327808,
          0.04355400878723385,
          0.034540748540444664,
          0.152073104495342
        ],
        [
          -0.04698978502858454,
          0.9932710625975884,
          0.10585157688408793,
          0.3807697090439632
        ],
        [
          0.0,
          0.0,
          0.0,
          1.0
        ]
      ]
    },
    {
      "file_path": "images/frame_0027",
      "sharpness": 9.17841883914971,
      "transform_matrix": [
        [
          -0.7294281361350247,
          0.22169223691811638,
          -0.6471376563949954,
          -2.823286314045265
        ],
        [
          -0.677482483649731,
          -0.10327406872612155,
          0.7282526698039524,
          2.9248887271383217
        ],
        [
          0.09461542460863061,
          0.9696324142882008,
          0.22552361873512553,
          1.0419928512470815
        ],
        [
          0.0,
          0.0,
          0.0,
          1.0
        ]
      ]
    },
    {
      "file_path": "images/frame_0073",
      "sharpness": 14.547495321466894,
      "transform_matrix": [
        [
          -0.040673235558637784,
          -0.11110901899732598,
          0.9929755655736077,
          3.9414605857938247
        ],
        [
          0.9981336391783667,
          0.04078813323282934,
          0.04544850413349055,
          0.15149665312974592
        ],
        [
          -0.04555135837472843,
          0.9929708525955908,
          0.10924266412636324,
          0.3809712290353521
        ],
        [
          0.0,
          0.0,
          0.0,
          1.0
        ]
      ]
    },
    {
      "file_path": "images/frame_0006",
      "sharpness": 19.609645121622673,
      "transform_matrix": [
        [
          -0.30480683217336596,
          -0.10252199521698367,
          0.9468801590363739,
          3.599225395522386
        ],
        [
          0.9523112368550213,
          -0.018189260022861253,
          0.30458571696571907,
          1.301862483676759
        ],
        [
          -0.014003685994720171,
          0.9945644229189825,
          0.10317705879707623,
          0.3743583663001842
        ],
        [
          0.0,
          0.0,
          0.0,
          1.0
        ]
      ]
    },
    {
      "file_path": "images/frame_0020",
      "sharpness": 7.138947479455265,
      "transform_matrix": [
        [
          -0.9841891220765046,
          0.1257676283908863,
          -0.1247167817689054,
          -0.5647039454883145
        ],
        [
          -0.14317411771417765,
          -0.15036842257049274,
          0.9782078048709634,
          3.7769263018648576
        ],
        [
          0.10427340994941726,
          0.9805976958782533,
          0.16599763502955195,
          0.7399686385108994
        ],
        [
          0.0,
          0.0,
          0.0,
          1.0
        ]
      ]
    },
    {
      "file_path": "images/frame_0069",
      "sharpness": 15.880519622368283,
      "transform_matrix": [
        [
          0.1494544799803022,
          -0.10762492101550077,
          0.9828938064764713,
          3.9166077610542143
        ],
        [
          0.986535078559737,
          0.08300845729070423,
          -0.1409188943661981,
          -0.5243779132082811
        ],
        [
          -0.06642211368044613,
          0.9907201786650438,
          0.11858174572736181,
          0.4128270026019555
        ],
        [
          0.0,
          0.0,
          0.0,
          1.0
        ]
      ]
    },
    {
      "file_path": "images/frame_0019",
      "sharpness": 8.449336627864838,
      "transform_matrix": [
        [
          -0.993538502212924,
          0.10860508302395581,
          -0.03295725385163164,
          -0.22200963963637596
        ],
        [
          -0.04996243584263443,
          -0.15779099383714354,
          0.9862077657717959,
          3.821815578613168
        ],
        [
          0.10190681844112393,
          0.9814820111567767,
          0.16219760217241283,
          0.6867374059546159
        ],
        [
          0.0,
          0.0,
          0.0,
          1.0
        ]
      ]
    },
    {
      "file_path": "images/frame_0068",
      "sharpness": 14.864692856470743,
      "transform_matrix": [
        [
          0.23317850729354012,
          -0.09766894266984143,
          0.9675166982505747,
          3.9126375612309685
        ],
        [
          0.9694497429772351,
          0.1012348820869517,
          -0.22342491913449253,
          -0.9197604106071791
        ],
        [
          -0.07612476324659306,
          0.9900567035811639,
          0.11829093005920896,
          0.4324867049401893
        ],
        [
          0.0,
          0.0,
          0.0,
          1.0
        ]
      ]
    },
    {
      "file_path": "images/frame_0008",
      "sharpness": 13.441275534999518,
      "transform_matrix": [
        [
          -0.49830341409414053,
          -0.07895838279374709,
          0.8633998386079893,
          3.376282572456691
        ],
        [
          0.8669326322123061,
          -0.058038797435526486,
          0.49503465454220574,
          1.9602675371239584
        ],
        [
          0.011023552589321533,
          0.9951869531893992,
          0.09737252954265106,
          0.36688723548086555
        ],
        [
          0.0,
          0.0,
          0.0,
          1.0
        ]
      ]
    },
    {
      "file_path": "images/frame_0013",
      "sharpness": 15.548328546293282,
      "transform_matrix": [
        [
          -0.8511966291082456,
          0.005754616736101591,
          0.5248153799199894,
          2.1836823638976286
        ],
        [
          0.5206785913037286,
          -0.11651502865958607,
          0.845764773831626,
          3.2615863185958753
        ],
        [
          0.06601593115466575,
          0.9931722572152489,
          0.09618089389984404,
          0.43142101032929475
        ],
        [
          0.0,
          0.0,
          0.0,
          1.0
        ]
      ]
    },
    {
      "file_path": "images/frame_0064",
      "sharpness": 13.606928113978586,
      "transform_matrix": [
        [
          0.5478129898792612,
          -0.072636824910146,
          0.8334415515236202,
          3.5014339576146445
        ],
        [
          0.8296274859157593,
          0.1755256298949435,
          -0.5300084790483265,
          -2.137973268231774
        ],
        [
          -0.10779222021827638,
          0.9817915486170948,
          0.1564167265482972,
          0.526162111789661
        ],
        [
          0.0,
          0.0,
          0.0,
          1.0
        ]
      ]
    },
    {
      "file_path": "images/frame_0022",
      "sharpness": 10.03246308649793,
      "transform_matrix": [
        [
          -0.9544230248055889,
          0.1533736128612353,
          -0.2560336396226565,
          -1.0858283291572772
        ],
        [
          -0.2789785619575,
          -0.15362235254720968,
          0.9479299208095644,
          3.6579565369803655
        ],
        [
          0.10605494664377062,
          0.9761540389174602,
          0.18940866035411216,
          0.7964119007550784
        ],
        [
          0.0,
          0.0,
          0.0,
          1.0
        ]
      ]
    },
    {
      "file_path": "images/frame_0067",
      "sharpness": 14.562466360868054,
      "transform_matrix": [
        [
          0.30910970628644324,
          -0.09681432548846475,
          0.9460857127550891,
          3.8874439102882734
        ],
        [
          0.9471164930070349,
          0.12145195549538472,
          -0.29701813274687916,
          -1.167003593787926
        ],
        [
          -0.08614834970061802,
          0.9878645701237966,
          0.12923642272056887,
          0.4463021531965559
        ],
        [
          0.0,
          0.0,
          0.0,
          1.0
        ]
      ]
    },
    {
      "file_path": "images/frame_0028",
      "sharpness": 9.586357407368556,
      "transform_matrix": [
        [
          -0.6866218848243446,
          0.2254865264701184,
          -0.6911629429304547,
          -3.0384485906493586
        ],
        [
          -0.720986578824398,
          -0.08902127740362999,
          0.6872070760146145,
          2.7741544400230174
        ],
        [
          0.09342772846250079,
          0.9701706234314127,
          0.2236967165710392,
          1.0760502936961003
        ],
        [
          0.0,
          0.0,
          0.0,
          1.0
        ]
      ]
    },
    {
      "file_path": "images/frame_0071",
      "sharpness": 14.44518427903446,
      "transform_matrix": [
        [
          -0.003295248886437614,
          -0.1057008061074994,
          0.9943925185471698,
          3.94096292880753
        ],
        [
          0.9987370424032095,
          0.049505973037634377,
          0.0085719755790039,
          0.05780589815341807
        ],
        [
          -0.050134433940656045,
          0.9931648897546606,
          0.10540417596891477,
          0.38855492901168187
        ],
        [
          0.0,
          0.0,
          0.0,
          1.0
        ]
      ]
    },
    {
      "file_path": "images/frame_0012",
      "sharpness": 17.322784535344443,
      "transform_matrix": [
        [
          -0.8182370619983059,
          -0.007001884458062195,
          0.5748383111849786,
          2.3900035510647295
        ],
        [
          0.5715683647661972,
          -0.11709766808371677,
          0.8121562291381452,
          3.0926090553763173
        ],
        [
          0.061625601686622206,
          0.9930957203425801,
          0.09981570754964972,
          0.43524696168587046
        ],
        [
          0.0,
          0.0,
          0.0,
          1.0
        ]
      ]
    },
    {
      "file_path": "images/frame_0021",
      "sharpness": 9.783438584333584,
      "transform_matrix": [
        [
          -0.9681584301756866,
          0.14108098792996623,
          -0.20679799066731017,
          -0.800621548688065
        ],
        [
          -0.22672377941469582,
          -0.1439061808307646,
          0.9632690895936917,
          3.7348406889336854
        ],
        [
          0.10613944576186858,
          0.9794831116372494,
          0.17131039691273267,
          0.7675686759680483
        ],
        [
          0.0,
          0.0,
          0.0,
          1.0
        ]
      ]
    },
    {
      "file_path": "images/frame_0004",
      "sharpness": 16.255252708763546,
      "transform_matrix": [
        [
          -0.16368678085538513,
          -0.12147777396647115,
          0.9790044883579108,
          3.7061351699467213
        ],
        [
          0.9860081867970493,
          0.011577597174989332,
          0.16629436193957178,
          0.738645581905757
        ],
        [
          -0.031535588510308264,
          0.9925266292122453,
          0.1178829800332076,
          0.386678188959703
        ],
        [
          0.0,
          0.0,
          0.0,
          1.0
        ]
      ]
    },
    {
      "file_path": "images/frame_0058",
      "sharpness": 18.6183170134356,
      "transform_matrix": [
        [
          0.9022293065576746,
          0.03476857861599636,
          0.42985279381325736,
          1.9212977120279024
        ],
        [
          0.4099037527330264,
          0.24061559120616155,
          -0.8798198967765685,
          -3.6621857752373503
        ],
        [
          -0.13401937136399114,
          0.9699975686711986,
          0.20283866714900997,
          0.7651754694816718
        ],
        [
          0.0,
          0.0,
          0.0,
          1.0
        ]
      ]
    },
    {
      "file_path": "images/frame_0010",
      "sharpness": 11.170679250288599,
      "transform_matrix": [
        [
          -0.6611973173058528,
          -0.049641784647337935,
          0.7485678331481743,
          2.9645086001941534
        ],
        [
          0.7494703820735082,
          -0.08806569554183612,
          0.6561543870640223,
          2.5954559881126897
        ],
        [
          0.033350472108400905,
          0.994876940382698,
          0.09543384894538723,
          0.3835423560396066
        ],
        [
          0.0,
          0.0,
          0.0,
          1.0
        ]
      ]
    },
    {
      "file_path": "images/frame_0001",
      "sharpness": 15.77641478797065,
      "transform_matrix": [
        [
          0.01964447316881746,
          -0.11988987784787328,
          0.9925928228045595,
          3.757654431552508
        ],
        [
          0.9986312396643399,
          0.05048651210940459,
          -0.013665989226223727,
          -0.07627182956932062
        ],
        [
          -0.04847413578922816,
          0.9915026622779239,
          0.12071755827094828,
          0.4122724447976051
        ],
        [
          0.0,
          0.0,
          0.0,
          1.0
        ]
      ]
    },
    {
      "file_path": "images/frame_0025",
      "sharpness": 8.274727521673839,
      "transform_matrix": [
        [
          -0.8418781190824587,
          0.19416025114746502,
          -0.5035305646175972,
          -2.1764553156961037
        ],
        [
          -0.5298925544597225,
          -0.12062070606317804,
          0.8394429855547129,
          3.3374166465485704
        ],
        [
          0.10225024867071575,
          0.9735257788895312,
          0.20443200459793817,
          0.9342198711695097
        ],
        [
          0.0,
          0.0,
          0.0,
          1.0
        ]
      ]
    },
    {
      "file_path": "images/frame_0002",
      "sharpness": 13.182773907121023,
      "transform_matrix": [
        [
          0.01490994187597195,
          -0.12030693531874949,
          0.9926247704782747,
          3.762402846869909
        ],
        [
          0.9986864311983212,
          0.05046256941353229,
          -0.008884887651851001,
          0.012681424105496296
        ],
        [
          -0.049021482777805915,
          0.9914533627064646,
          0.12090129785875711,
          0.40820315852400085
        ],
        [
          0.0,
          0.0,
          0.0,
          1.0
        ]
      ]
    },
    {
      "file_path": "images/frame_0063",
      "sharpness": 10.349339174895817,
      "transform_matrix": [
        [
          0.645026321360942,
          -0.05603413679132678,
          0.7621031559344206,
          3.2804537202491546
        ],
        [
          0.7554080425046923,
          0.19726688383444985,
          -0.6248555559979567,
          -2.52142337638241
        ],
        [
          -0.11532447303197298,
          0.9787471338783772,
          0.1695709699930477,
          0.5647761928406727
        ],
        [
          0.0,
          0.0,
          0.0,
          1.0
        ]
      ]
    },
    {
      "file_path": "images/frame_0003",
      "sharpness": 16.39410039299388,
      "transform_matrix": [
        [
          -0.04754084533397735,
          -0.12267935093847032,
          0.9913070386604894,
          3.753509974800529
        ],
        [
          0.9979092281290615,
          0.03766845717650878,
          0.05251913697732168,
          0.33401711821912844
        ],
        [
          -0.0437840203707808,
          0.9917312459567076,
          0.1206320661057852,
          0.39694860480466637
        ],
        [
          0.0,
          0.0,
          0.0,
          1.0
        ]
      ]
    },
    {
      "file_path": "images/frame_0016",
      "sharpness": 9.571773001192822,
      "transform_matrix": [
        [
          -0.9495058964283185,
          0.04077158297873057,
          0.311088782647086,
          1.199435469234453
        ],
        [
          0.30316572402015046,
          -0.13613000374752163,
          0.9431644426392876,
          3.6514859478058646
        ],
        [
          0.0808028244832157,
          0.9898516556132836,
          0.11689569476588645,
          0.5190390059144995
        ],
        [
          0.0,
          0.0,
          0.0,
          1.0
        ]
      ]
    },
    {
      "file_path": "images/frame_0009",
      "sharpness": 13.556916026923096,
      "transform_matrix": [
        [
          -0.5689778979486088,
          -0.0645981740281863,
          0.8198117025133205,
          3.2081139284971276
        ],
        [
          0.8220854023194129,
          -0.07010157992343521,
          0.5650321758852392,
          2.282493435692844
        ],
        [
          0.020970048756545553,
          0.995446052995338,
          0.09299146547277351,
          0.3720974260698609
        ],
        [
          0.0,
          0.0,
          0.0,
          1.0
        ]
      ]
    },
    {
      "file_path": "images/frame_0015",
      "sharpness": 14.700634613883643,
      "transform_matrix": [
        [
          -0.916871409699599,
          0.024988441690431084,
          0.3983997940222057,
          1.5817603108356384
        ],
        [
          0.3919960272884105,
          -0.1321663740985207,
          0.9104236179646232,
          3.544253427197161
        ],
        [
          0.07540512370861277,
          0.9909125225562592,
          0.11138419986381821,
          0.49616917802779964
        ],
        [
          0.0,
          0.0,
          0.0,
          1.0
        ]
      ]
    },
    {
      "file_path": "images/frame_0023",
      "sharpness": 9.683084666865549,
      "transform_matrix": [
        [
          -0.9284891181450078,
          0.1680488294447928,
          -0.3311609101752837,
          -1.4700159768261272
        ],
        [
          -0.35607747806210366,
          -0.1496865510026362,
          0.9223897040112209,
          3.5728092263614033
        ],
        [
          0.10543617557998261,
          0.9743477445913798,
          0.19882073711859594,
          0.8442383257790653
        ],
        [
          0.0,
          0.0,
          0.0,
          1.0
        ]
      ]
    },
    {
      "file_path": "images/frame_0026",
      "sharpness": 8.600376412425808,
      "transform_matrix": [
        [
          -0.7944178432655609,
          0.21014436021937505,
          -0.5698593143828273,
          -2.511914291047658
        ],
        [
          -0.5991137418252882,
          -0.11693417718726239,
          0.7920789875774258,
          3.145006295456583
        ],
        [
          0.09981490204781503,
          0.9706522271611172,
          0.21879497081964916,
          0.9768802478978839
        ],
        [
          0.0,
          0.0,
          0.0,
          1.0
        ]
      ]
    },
    {
      "file_path": "images/frame_0014",
      "sharpness": 10.555127731959026,
      "transform_matrix": [
        [
          -0.8843618260567189,
          0.012582621655329059,
          0.46663244450583025,
          1.874881991926525
        ],
        [
          0.46144343048990555,
          -0.1274672429592179,
          0.8779647273268578,
          3.4179958066268816
        ],
        [
          0.07052744916715649,
          0.9917629654428304,
          0.1069209956446378,
          0.46700224858201206
        ],
        [
          0.0,
          0.0,
          0.0,
          1.0
        ]
      ]
    },
    {
      "file_path": "images/frame_0024",
      "sharpness": 5.835500076876746,
      "transform_matrix": [
        [
          -0.8899369814445395,
          0.18107495298207388,
          -0.4185976952630095,
          -1.8757334128732388
        ],
        [
          -0.4439588436217223,
          -0.13371100536609204,
          0.8860146230249772,
          3.447727548792382
        ],
        [
          0.10446393752813166,
          0.9743373278622539,
          0.19938419523619386,
          0.8972381919268382
        ],
        [
          0.0,
          0.0,
          0.0,
          1.0
        ]
      ]
    },
    {
      "file_path": "images/frame_0011",
      "sharpness": 17.772468518997712,
      "transform_matrix": [
        [
          -0.7585103503736692,
          -0.028601291639569166,
          0.6510330364214585,
          2.6356821755563957
        ],
        [
          0.6497818139685435,
          -0.10901005518947365,
          0.7522635190565721,
          2.91804995924489
        ],
        [
          0.049453438932128224,
          0.9936290927723141,
          0.10126985431942326,
          0.4165965687309478
        ],
        [
          0.0,
          0.0,
          0.0,
          1.0
        ]
      ]
    },
    {
      "file_path": "images/frame_0007",
      "sharpness": 16.67301932863659,
      "transform_matrix": [
        [
          -0.41490071971616965,
          -0.09199553591768427,
          0.9052039627453056,
          3.485617541410223
        ],
        [
          0.909866662698875,
          -0.041708344221252185,
          0.41279906750327605,
          1.701984768251004
        ],
        [
          -0.0002211129726614415,
          0.994885538850141,
          0.10100849328418504,
          0.3679896813464221
        ],
        [
          0.0,
          0.0,
          0.0,
          1.0
        ]
      ]
    },
    {
      "file_path": "images/frame_0018",
      "sharpness": 8.900023645655315,
      "transform_matrix": [
        [
          -0.9932477210229814,
          0.08697974980652387,
          0.07676905513180934,
          0.34269210050399873
        ],
        [
          0.062491558024152856,
          -0.1563916327717389,
          0.9857162179728728,
          3.773774457129081
        ],
        [
          0.09774338789792077,
          0.983857804940177,
          0.14990013275563197,
          0.6073922486451646
        ],
        [
          0.0,
          0.0,
          0.0,
          1.0
        ]
      ]
    },
    {
      "file_path": "images/frame_0017",
      "sharpness": 12.073328981281799,
      "transform_matrix": [
        [
          -0.9791181687248767,
          0.06375084626433146,
          0.19303740905069983,
          0.7117568511876722
        ],
        [
          0.18214458520873805,
          -0.14659786756505097,
          0.9722820657116724,
          3.7452479645113494
        ],
        [
          0.09028267702386658,
          0.9871397544649626,
          0.1319247641797421,
          0.5665745598717521
        ],
        [
          0.0,
          0.0,
          0.0,
          1.0
        ]
      ]
    },
    {
      "file_path": "images/frame_0062",
      "sharpness": 6.118927514383528,
      "transform_matrix": [
        [
          0.733037532647249,
          -0.02517228384635566,
          0.6797222461240872,
          3.1040507979493674
        ],
        [
          0.6691383673979932,
          0.20608208465549874,
          -0.7139916103568954,
          -2.7624683807195756
        ],
        [
          -0.12210577798814955,
          0.9782108824424233,
          0.16790964377529757,
          0.5951508968538284
        ],
        [
          0.0,
          0.0,
          0.0,
          1.0
        ]
      ]
    }
  ]
}